585
790
318
686
906
990
882
876
868
635
529
764
266
475
690
231
972
766
223
641
113
403
973
356
598
622
457
412
488
977
27
731
364
989
705
810
487
681
466
335
229
359
61
782
242
788
629
570
489
558
64
884
126
469
518
307
156
778
196
511
989
850
973
355
522
932
619
792
935
313
46
426
738
557
235
652
448
502
79
667
857
343
29
5
453
158
1
350
989
234
69
514
530
414
105
117
477
7
412
399
180
316
95
338
816
393
912
480
908
608
639
271
736
942
127
266
823
519
671
150
376
877
341
307
365
83
521
395
920
174
381
407
510
510
45
981
155
688
468
401
568
790
553
856
607
424
745
313
218
645
612
767
651
819
423
77
594
632
694
649
484
687
28
798
658
170
727
827
806
381
726
190
735
240
973
509
786
709
63
826
722
504
747
747
189
357
871
859
520
190
25
863
975
862
974
274
561
529
996
932
157
114
435
268
326
759
108
588
704
150
362
700
477
343
924
962
232
755
702
421
721
931
810
83
918
288
493
33
990
219
896
857
267
531
34
65
437
886
596
635
145
160
145
219
973
253
434
420
182
973
563
892
470
379
891
554
893
730
203
679
940
730
522
214
399
51
156
762
793
50
610
665
240
685
416
680
599
638
825
165
173
302
237
441
494
790
417
267
868
502
619
223
801
963
136
250
763
95
796
95
502
547
234
875
155
17
676
439
307
164
220
753
651
415
293
321
862
802
261
598
664
155
38
536
95
280
943
784
602
690
873
579
3
441
388
190
615
632
435
147
545
585
593
324
886
249
998
399
659
310
89
395
188
569
867
24
861
97
572
120
580
652
303
61
215
620
354
631
420
893
748
698
80
0
816
883
297
290
290
201
936
791
578
161
245
89
246
18
117
682
590
994
208
734
636
823
320
651
237
950
315
136
275
546
351
84
47
228
276
523
298
266
126
281
893
925
506
492
151
903
215
296
607
732
275
977
274
767
297
619
812
723
410
306
466
730
273
450
28
992
437
699
705
195
607
914
775
477
791
273
821
150
188
787
632
449
461
833
718
465
659
455
679
469
735
601
13
403
295
715
934
572
247
60
420
226
837
729
526
53
841
643
107
137
745
381
569
714
491
25
26
173
634
632
372
329
197
609
241
966
469
361
232
316
822
352
163
175
985
967
157
75
547
996
665
777
976
803
933
483
910
109
728
409
404
683
546
793
487
403
801
462
779
712
608
92
206
473
803
43
696
873
756
818
369
944
706
668
434
154
681
518
332
620
910
315
318
40
666
698
237
613
948
218
610
244
700
473
97
573
468
482
688
410
728
757
182
680
192
392
344
130
727
591
787
283
309
532
966
674
475
530
12
629
663
695
174
255
64
648
51
169
351
768
679
14
729
560
680
770
273
321
183
50
314
429
145
95
510
309
543
71
991
764
470
194
74
294
674
614
632
260
753
449
154
669
405
626
848
130
238
976
186
599
138
483
280
412
288
5
13
712
460
160
178
16
533
445
343
147
255
662
728
963
705
492
345
894
714
597
949
398
192
748
80
335
741
366
584
824
393
572
782
183
776
293
262
377
540
437
76
526
584
919
443
232
943
214
832
823
780
748
206
878
833
744
150
246
545
100
361
346
542
939
454
499
896
934
253
342
980
546
357
136
918
761
966
862
109
168
937
881
588
139
498
746
798
739
913
445
847
318
427
460
824
340
25
999
834
17
287
220
473
535
973
202
948
154
64
92
189
879
293
94
207
986
242
278
404
456
924
55
455
171
577
389
357
322
500
463
464
93
548
187
200
147
953
150
49
508
570
490
410
126
553
692
632
583
666
833
307
970
864
569
79
446
605
308
426
320
613
457
148
844
740
432
70
838
751
95
644
889
587
415
884
796
675
543
378
630
26
549
99
722
914
108
965
943
783
956
532
260
701
209
179
820
156
509
455
265
381
1
782
340
114
951
491
371
328
694
460
865
131
378
741
50
476
539
416
774
313
379
9
707
738
322
248
183
980
672
823
23
457
243
863
490
249
154
256
419
864
325
921
774
16
885
919
271
976
791
258
525
934
939
682
374
240
402
70
305
90
646
885
104
565
538
948
295
437
370
123
302
997
714
463
924
522
533
10
860
595
31
625
125
553
686
36
779
581
664
331
801
704
933
942
645
962
439
246
303
542
409
530
565
244
369
217
295
130
344
750
224
306
715
948
991
377
551
417
340
134
73
232
44
687
698
350
883
952
182
447
861
9
324
234
993
686
317
77
305
506
429
463
823
931
238
556
959
233
569
